              precision    recall  f1-score   support

       akiec     0.7451    0.7755    0.7600        49
         bcc     0.7975    0.8182    0.8077        77
         bkl     0.8000    0.7030    0.7484       165
          df     0.8182    0.5294    0.6429        17
         mel     0.7551    0.6647    0.7070       167
          nv     0.9220    0.9632    0.9421      1006
        vasc     0.8421    0.7273    0.7805        22

    accuracy                         0.8796      1503
   macro avg     0.8114    0.7402    0.7698      1503
weighted avg     0.8756    0.8796    0.8762      1503
